Start parsing input file
Finish reading circuit file
Run logic simulation
100101122211112112111102112011201012102000212201212020211210001210120001122022111110111012110201021001121120112221210121010110010111000220011201000012220201000022200222020211022100020110011021021010220012221 011220211210002011001102102100220012210211112110212212112222222222222222222221102222212221212222222222222222
101111102211121020122211220112020211001020212011100022221210222211011221210211002012001100122110222121220212122020220111200122222202002020010212212001121210200200100010111110112112202100221221212021000121212 011011110111220210022122121201000121201222112112101101110111122222222222120212222002011222222222222222222222
121021201001121222221022011100120222120020210012201001200121210200220022111122112022120200021122111221100022200100122112122001220112200202122212221110122102021010000100010011011102212122002210221001110111010 011010011110221212200221022101110111020101111211222222100111122202222212202022222222212222222222011222222222
200222102112110112212121112020110100020202210201202112000210021002011112000121211200201002001202111202212021120221011111021212221022210110020122201110022220220122021110210200120012012201000010012100122112102 122010200201201220100001001210122112122002121122020121222222222222222222222222222222212222222222222222222222
200112010110211210200212201121112121002010112211011000001210122011211120102101202012122211021202121211022002100002021010110011021212021222202010212111100201010102002201202210201220100101002012220111012000001 222102210022010010100201222011012000002110111120202202222000022222222222022202222222210222222222222222222222
220211021121000002121222102200000001101021101202111011201222202202120222110200122221121220120021001101110110220220000102211021201012200211011001111121020222012221121110011122210120002002201201010101110000221 122011122112000200220120101011110000200001112221202202222222222222222222222222222112212222222222222021112222
010121021021112221202120120220002011120020102101201111100220000202021120211102222111202022122220120210002112011020220102012201221022022211122022012002001202101201110102021021200210221022002200021102001111202 000221021021022102200220002112001111220001111101121121001222222202210222222222222222212222222222222222222222
000022122002022001212110001122022001021002201211110121221111011021201001201120011001121002201010200011211021100200122220211022012120011221001001120010112211120110121011112222112211202221100112101002121011002 100112222121120222110011210102121011021202111101121121002222222222222222222222222222212222222222222222222222
221021210021110100201210122222122002120200122102202021101021010220100201011021211221102202110202020120222121220122002200111212212021021011100222200220202100122022102200121120110100201211021201112110122212020 222021120110020121102120111210122212021011112121222121222111122222222122122212220111211222201100222122222222
111111000200000212120110101011020211012100210202222200011122221020121112100101020221022111011210200112020110010110212200101002120211121102211220221212022222212200012100122221220112011001020010022012122011200 211022221211201100102001002202122011201011121110101101121000022122222222020202222221210220221111222222222222
022201102002011020221210122010112002220121022221221112221120111112111220000222122200200112101022010100200200222110110102122222220010011112111120111101020020220022101222110220202122022121120220201000012111112 100210220012202212112022020100012111111201111102212212000222222222222222222022220222212222222222200122222222
021020200120222010120222100021201000101221211112202001222021221122212002220012000000202112011220112122021100110111102121022122201121001211222010221100012021212102002101201202002120121121022202210221021212112 200101202012012112102220221021021212122222111101222222002222222222222222222222222200212222222222222222222222
121111220020021012111210102120100021120200210012220122210122100100022112200202102222110120110201200121111202120112020110122112000022210000020001011122102021021001022000112120021111122101211022222122211120100 211012120211112210121102222212211120101121111212101101101000021012222221000200222022010102221111222222222222
021101112200112111001022102222221112221122211222102201222122021200100010211001211212102012221111201200202102201122112110012101022220220110111221112021102110220210212221012102220200010002121122110100212202122 200112102220001000212112211010212202110001111101212111002000022220222222021202222020010222222211222122222222
222021001011120111202021221201100100000111021012202202001122212022000021121002200221201020022222122221010120110110201010112001221211020012121212000111202212012201000111001122100121012200211202012020201020211 022101122012101220021120201200201020220022112122222121220211222102222222122222220222212222222222122222212222
220101002120011220122210022110210220120010112002011010012021022121211012100001212110222222102021212111022102201222022012222201000211121012000100112111011201111110022220201021000221120210101222222222212012212 222001021022112021010122222222212012212022111220212212220222222002222222222222222222212222222222222222022222
211001022100002001221212221110102212111102110010210002001112120121000210122100202200110201221000100122201122212100221221111211001011201121012000022221100202002111212121002200002221102120121012110002210200210 222102200022110212012101211002210200210201112122111111200222222222222222222222222222212222222222222222222222
210021010120202111222220211202020000111220011000122011110201100211202122201002021200112202020112212222112010212110201102101110101001020022010002020210121212020220002002201011020111101202201221021001202011110 222201011211110120220122102101202011122001111221121121220222222202222222202021201221212222222222222202222222
202110210100002112210101002221211200221012020001002020201120222112112011020101001210000120122000022201111121222121222201221201001202110200120102222220022112010210122222211222222112112101012001021011212111001 222211222211211210101200102101212111002210202120202000201222222202222222222222212222212222222222222202222222
022011222020001111012101012220022020120022102220021002110112212212002002212211011122110121110102002210102100202121002022201012220221211222222202012011212110010002101021210211112121020201000000020220022120201 100110211112102020100000002020022120202222121202101101001022022222202222222202222222210220220022221222222222
221120210010121101221221100101000112101212022212001100211001101120111200100021002122221021102022000220211221121100120222110112022022110212002210002022011000202211220222202221201201100010011202102221121111211 022202221020110001001120210221121111222121112120222222221000022112222222022202222221110011120022222222222222
102020022020121001021110022220110010112011100211010102201221002110101010120211020110000200000212022120112201111222220010020122121011102120011100020002111121000211021011010120220201212101212201110011120212202 111110120220121210121220111001120212220011211112121121102222222220222121201022222022012222222222221022222222
002121001200120212010200221221122012110000022120002122121211120001010021020000110000210111201011212212121222201011010001202000101100010202100201110120210111201021120121111101010002120112200112002021102020202 000111101100212011220011200201102020221020211102020121001022012202222222220202222222010022222211202222222222
212122200101110121020111020011202111001122011120220011111222012201011221200012002000212001210100211111001002002010102100201212210102212020201212222210200102021112001000101222122110111221201022002102212012021 122001222211011122120102200212212012021201111121121121222211222222222222222222222222212222222222222222222222
210002121012121021002020022201102102022221210022222122222122002020002202021000022212112021002201212212111021001020211221021222110011200100000112101001101200212220010120121112100200111211200102200220000111102 022021112020011121120010220020000111111021111122111111222222222222222222222222222222212222222222222222222222
102211000201221112211021000221211102010100222111010122020122210000012022122101000022202221220200002211221101212211202101220020001222112200121022220101001101211010002222012112101212022202021102202102100122112 211212112021202220202110220212100122100101111112202101120211202222222222222222222222212222222222002222222222
201110100002222210201122201110110221201212211202020112012201212002100002220121020011020220111022012112012121200211111110122001202121022202102200111200222122210202012010220110222110112122021111122121110202002 222020110211011212202111112211110202002221221222101101202222211222202222222020122012212202022222222222222222
020002011220012201110002020021200000202002101001222222222002122120221221112012101100100100010020022111002201222000121101210210012200001001220201010100201000001022000200000020122202200100110010020010111121210 000000020220220010011001002000111121210212111102212212002222222222222222222222222222212222222222222222222222
101102220201012012010102022110101021011011112121120110012221011121022121012002112200212212010100212202001012201221212201102220222212220101021210012012120110212111000020200022121002212001022001112121211020000 011000022200221200102200111211211020012120111110111111122111122222222222222212222111111222221100222222222222
100101001111111020212010210220000020221012201010102011100102100202222101021202010221002022010000200111220111110112212222100100220011110222000121020010220211210012220222200210112210000102200001221220210011002 011200210121000010220000122120210011012222220111212212121111100222220222222222222222212220222222122221222222
200001111011112202001120122222220000112010222222102011021221210210002011111000220222101201022121202101222020122211122022101111212200002011020021201100020202101021001210122121022102212212222002100001010000202 122022121210221221222200210001010000211201111121212111221222222222222222220222222222212222222222011222202222
120111000002202220200012112110022110221021222212012120002020020201001200102001200212220222222220101222002210110102101121111010100200101102120101121210122201212002022100112200012210222210101012221212220110221 211012200121022221010101222122220110201212112110202101102222221222222222221222222220212222202222222222222222
112112110221122022210110201221112101022012122101120111102022110120022200220100220001222122010102102102201212211012101111022010021012202120021222112221001012012210110020000220111111021100111000112211022012000 011000220111102110011100011221022012000111112111101101122111122222222222222222222222212222222222222222222222
222121011002210021210110022002002012221021012122211020002200210111100210122101002112110111102121012101220101202220212220011001102122211022122121210202211111202111100000220112000021022101201210120121210201112 022020112002102210120121012011210201122022101220121121200222222012222222222022222222212222222222222222222222
222022012112001011100222020211100110011202200101221011010001221000001201201012101010111211010211221122212110101212220122200021221000201210021122122201101201101201202100200022011202122010220010211121112211222 222000022120212201022001021111112211222122111121222121222222222222222222222222222222212222222222222222222222
012202210200202020102021212101010011002122122122212111010201100211122002021000222110022122010002221122101202022211020002000011000220100201110112221222220201001121101202020101001200220220021211022210122100010 100220101020022022002121102220122100010111111101111111002222222222222222222222222222212222222222222222222222
101220222002200010001011001012100200002200200011011220021220211001001002002101210102211001122220001102112120221201102010122112122210121101120211101102112001010211220110220021212122101011110111211022022022210 011020021112210101111011121102022022222221112110020121112222222222222222222022222222212222222222222222222222
122100012121212001110110120022011002001021112110201022102101010210220022110022120202212122000122121221112222201222110100011120102222010012200022211022100222200220202200220200202001211011011001102022122212210 211020200000121101101100110202122212212222111212212212122111122222222222222222222222212222222222222222222222
120022221022100020200212101102121221220020011010110101122202221121210020021100112222101002021210002101110021112001012122022210220101220002121001200122121010012120020001020100221210222101102112121222021001101 011120100221022210110211212122021001120122211111121222112222222222222222222222222222212222222222222222222222
202222212122111001220100000121211210112122100200100120121201020211002212122120200022111012112111011000212202000002020221210121202110111102102110022121010100000211002210121000012022201211211010110101211022000 222021000102220121121101011011211022021200101120222121222222222222222222222222222222212222222222222222222222
000021112011112201211110210220020120212110201222010201000022022102221112212112011111211010020010000122010022200112210012121120121200112222122201122201110000022210201220112110222120202012021210011100222200220 100012110212020201202121001110222200221201111101222222002111122220222222122222222222212222222222222222222222
212010212211110121202001001021122120222111022012210120220100222202221110212221112102201012011001001222221210002022222121100201111000022121222201100110000021112012112101221211101220200200021002211121021110221 222121211022020020002100221111021110202121111120101101222211222222222222222222222202212222222222220220212222
110100201211111102222021212202020101201102011121111021222210122110000120121211122002101120100021022112101002122122112022102112022001222000212102110122000022221222112012011002221000000012012201110122100001200 211211002200000001201220111012100001210121111111111111110111122202222222121211002100011011121111222222212122
000001112111001220210120221111121202111122200120121211211020112002021100121111101022210020011212221001111222112221210012020112011211020220112101200001200022000122002121112020210221012121122212120000211120212 200112020122101212112221212000211120211000112101010111000122122222202222222220222221112222122222022222202222
001110002222111120101120012001202120121110101211001121122100201110202111121020221101220201201110110121211110110021110201001212201210112021112121202020101222220121200100222111211211001121120102002010110021122 000022111121100112112010200200110021102111110101000101002222222222222222222122222020212202222222011022222222
220000220000021201200011020100000110200010110210111110222000010102200201010011122001020021100121111112011022211212021121002021210021022102020211120200101011212212012022201020102200011120211210122021222121212 222201020020001112021121012201222121212222111220111111202222222222222222222021022101212200022222222222222222
112111020022120102012211221120001022122202111101110011101010111220200100012100012010100012021110211221000021102001022120002111212002212222002012112002102121012010202201112010002202220102001212200201012020020 211112010020222010200121220021012020001201111111101101102222222222222222222222222220012222222222222222222222
021210001202100001121220122202201102200000010020212002122010210001021002100100201102111020012122202112122100200021202112221111101022002220210022122111000121212122122012011010220201012121022201111122121222022 200211010220101212102220111112121222000021111102101101002222222220022222222222222222212222222222222222222222
010221101010001220012021111010021021102210011111212112021100102001122121122010102120020101121122012221011012100012111202021200102101210021002010202122001222210220012121021220220200210002000020001211110012012 200121220220021000200002000121110012020011111102121121000222222202222222222122222222212200222222222222222222
102121201101201011110022000002222212002220121220111211122202122120021021100200211100022220212122202111221221010101200220221201102010200102200020111211200001211120111121122121210112202212001221202122202222120 111122121111220221200122120212202222121020111211020121122111122222222222122012202222211222221100222222222222
101002021002201002011012202111202112012220111221120001021212102121002022101200010020120021002011121101011101210210202212112021101011122000121220221222101100020102011012002101221020201012122202100002012200120 111202101202020101212220210002012200110101121211111111102222222222222222222222222222212222222222222222222222
022022101110001222000201201221220222212101201021221021112011110200222102022102221020212120212002021212111101021101200212010211110012220101011101021020021022111212212020121212011221221100121020011210020212121 200021212122122110012102001120020212121112211101121222002000022222222222022202222222210222222222222222222222
020120011020222201022102221111210000101200200220020000200011210220200121121221000101201002121220221001220120200210100211221011111211011120210212020121011220011100011101200221100212011110121012011202122112202 100100221021201111012101201122122112222002121100222121002222222222222222222222222211212000002222222222222222
021020111220101110010022001202211011002202210101102212110000222100201221220200121022210011010021121211110101211120021120201000112011122210102211021100201001110021201122210102001222222122011020211001022012020 100210102022222212201102021101022012022102111002222121002111121002222222122212222022211222220000222222222222
110012222220022121201000012011002110112102212221021102200202012200021002220120220110011101000000102200220002001022100210121121201201201202100212202021110200021122012102122121011021100220020112020211221100012 211222121102110022002011202021221100001111211112101101112222222222222222222222222222212222222222222222222222
211101120100212122220110201212100210100221012002221000101222112101221011112112012220000122001022211022101120122021021110111220112212202122201101011122210102110112010002222110011101022102021110122122022010012 022222110110102210202111012212022010012121112120111111200000022222200222022202222021210222221122222200222222
102001212222010102012222200202120120222212111201100102020110100122222210102022112122121110221210202121111110001211201012112201001011100211011210100212101101202100221022101022100202222002202110110012202012020 111201022020222200220211011002202012011012111112111212112222222222222222222222222222212222222222222222222222
020012220110122210212210211121201002221010122011112100122011212012212110122101220100220222120021222101121102021012011101110110012002122202102010211102011100211112121022210121210101012100121002212022010002221 100210121110101210012100221202010002202022211100101202002022022222222222222202222222210222222222222222222222
212011001121221220200101112102020001102011111010100111202222122102010212101202210021122011001211222011001122110110022201001120222221121010202011011001101021020210000101201110221022210022222020021112002111210 022101110202221002222202002112002111202111112221101101220111122222222222122212222122211222221100222222222222
110002111110012122200100122210202210122000102011002020102121221110202112220101002212202212101020010201220211121112012211122001000000220022101010222210100010111221211020210012111010121102220112211011012121000 111010012101012110222011221101012121012111112110111111122222222222222222222222222222212222222222222222222222
201211001001012010122001020101222121002102011210000000102220022001101022020221222022110100112012200012012011211110022102111022010121022020211002102022201010011000100110202002010012212121100010101112100010022 022002002101221212110001010112100010002012111220000101202222222222222222222222222222212222212222222222222222
021220200010121101210200212011210110210222201111010100122120222000022121011200111121210120222120200112021111220012211000022012010001200122212020212012122121122102202012010210011220202121201211111122021122120 200210210122020212120121111112021122120122112100121121002222222221000222222222222222212222222222222222222222
022010002100221110022202121011111120120110210021121021001212020200222211002012221001201022202022011012120101021101222122122022001202121201001121020210122101001122111202112202101102122002210000011112121021002 100212202010212200221000001112121021001112111101202202002222222222222222210222202220012222222222222222222222
120102010002012120212221001202211202200011220100201120020221110210201012102222222012112201020021012210201101120001020211010022201122212022212210112211010122110202121101122021110001200222201222111002112021100 111122021100120022220122211102112021111002121110212111122222222222222222222222222222212222222222222222222222
110001020221111000200122021211000000200002111021012021201100010011112112121220102002200120121220101022002202212220120102212011122001002222221111120200222101020220121020012100210210010001100200012122121111200 111012100121001000110020001212121111210021211111111111101111122212222222122222122222212200222222222221122222
202010010100221220202112000121212110122112201101121110010102021212022210211121210021120110110211211110102012100112022111122220112020111012000021021012102021110012121200111210120021001210102100120011102221210 122011210202100121010210012001102221201012111220202101202211202222202222122222222202212220122222222222222222
210011210020211000001212112000121100001001020120201120011221201122222122222012012222221020220112002011011210121121010120222000011222021120200022121211000201002122101020011020010101212000111101011111222121102 122011020110121200011110101111222121100011112220101101221222221220222222220222222222112222202222222122222222
210011012020201002221020200120112120021200021102101001001120102111110210020111021201002221011220002101210221001101012201110002010020112211012202111101020021202002110001210111122200102111202112021121010101211 022110111220010211120211202111010101202221211121101101220000022222222222022202222002210222220011222222102222
201212100021210222002110221022110001021101002022000221011120112112022212020020220222120212020202202100102112202201111110112110101021112100020011222011020011022202020200210011111120222201111002211001002001222 022010011112022220111100221101002001202102211221202101202211222222222222222222222222212222222222222222222222
101121122200111002102212220122002212021022000101012011000010020211221120000110022220101100102201101211021010112112122010001002212001100012001012002011112022210221112111121200211222000000201000211100212110101 211121200122200000020100021110212110121102111111020222111000022202222222022202222200210222221111222122022222
220121202220100122002001012102202022212111122211222122001011211220112000220122011201102211110202011212001121022210001202010010011212110022202120220021202211212110102112102021111210001202101012122110001210121 222202021121000120210101212210001210121112121122222222222011022222222222122002222222210221122222222222222222
020021121102210120112110011001200212102012200010021010011122012010020201121220200111110000202100210200120010011002210020010201022122212210012122011020122222002012000201000212121221010200110112010110011010002 000100212222101020011011201010011010020112121100222121001222221022212222222222222200212222222222122222102222
222020120101220122110212010120010210022010202222200001200022120222221222020222212210111220202001200120120122011010002101122122022102212221220102202122012201101111000202122100020010011001222010111211221111121 022222100201001100122201011121221111121012121121222222222122112222222222210221222222212110022222022001102222
200001202102000122211101222112012010101111021100002212011020221122110221001112222111122022012122010100210102021010102101100022200011012122001200020200121101121202010200210100110210020210000120102202220001122 022010100121002021000012010222220001112001121122212010222222222222222222202022222222212222222222222202222222
110210202002022100020022020202120212212210212200212211221212221220121112201201222221110211201020012201102222121110202200020200212200020020200121112012121212210201210012110122011222101022020111212221202212210 011210122122210102202011121221202212201121122111101101100222222222222222222222222022212220222222222222222222
012200110012121020012110112000102002110122012211210201222122210211102212220112211201100120121110021222211220221022212222001222022112010200220102020022020122121110121122212202211010020012222110220012001201102 100212202101002001222211022002001201112111102101111111002222222222220222222022222222212222222222002202022222
201200201201110210211212010120110010011201120121120012210202221020001102012101221022221022221121121012220101000100100202201110200102021112012000111102002211211001201120021001110000201222021201101211221101020 122021001100020122202120110121221101010011111222010111222111122220121222222222222222212222222222222022202222
020121211221011121022212002211211000102021102212121110011002201101122121212211220011120220121001221100002200020021210200022120012120220121200200101101201220221101221010100221202122012101120011110211022111212 100000221012201210112001111021022111221212121100121222000222202222222222222222222222212222222222221120222222
121002010200001120221121000101121201200200201120112002102220102002120220210000121002222212222100122111110221201111010002202222201110021010210022120221211211101022022100222021210210102000111220122112201111202 211022021121010200011122012212201111212011211112212212122222222222222222222222122222212222222222222222222222
001111012120220210222110021121122200112022111112202120100212102000111121110201222202022021001011000210121121020011210120000102012111120210022121220010010101010221011100212221020121100210011011222112101120000 100012221212110021001101122212101120002012021100000000001000022212221222022102222221010021121111222222222222
122000001000212011200210000101110111121021020222122111211201010102211021220220102020112002210220112021111200221100221122010110202101022110100220012122001112100120220201022122120110111202210202001002102121001 011122122211011120221020200102102121010002121111212212122200222220222222021020012222212220012222222200222222
122211001000020020220111000201021022120200012011101120000120200102022022021022200022022002100210212121100200220220202210101122211200120211210000121022100222221011100222020101111220201201220102212011021101222 011220101122020120122010221201021101200112111110202101122222201222222222212222222222212222222222222222222222
121112012112222120021201111210222111010001221100110010222020110021202002122200022000120002110120220120112100110011120100112121110202220201022001111201010222111111101202101101222112221211200011201022202010212 111201101211222121120001120102202010201221111110202101102222222222222222220222222001112022222222222222222222
221221022110111212112012021010002221001012001222110022021222200120020102102222110222122212202022002112020220101200220121012021201110110112100001020002211121011202221000021121200011200122221012011112212022122 122021121001120012222101201112212022120012111222121121222222222222222222222022222222212222222222222222222222
120011000022100101020211211100012121222001222002202200122002011000200101020000220221000201210120120200010010110202000001202212201222000012120121022022122110001101001110020102211111000012122210120202011122010 111020102111100001212221012022011122000102111110202101100222222220222212221221221222212222222222222222222222
222100211101102111212110022000000011012220010221122000010210020122220220221221000001100101210022222012011200110220101112210012011210121022110102220101000001202101120022200021020001201211001222011110101201000 022200021200120121100122201110101201012012111120111212200111122012222222222222222222212222222222222200222222
110201122220122000112202120201222022101001010221010210220020112111101201100202011012102111220112022222100221202010221212002020200202212202102000100021002012002102021022202210001001211212120100100212200101201 111202210000121121212010010022200101212111111110111111121000022222222222002202122222210222222222222222022222
012110012221012120121011102222101022120010222202211020201100111210202011110000222122222000021210210112020000100010202200212101102221120120200212010211010221111000122202000101000102200200011122201102012020201 200200101010220020001112220112012020200001111100101101001122120122222222222222201222212222200022202222222222
211101221220112000120121001101222012212112120001010100210020110122010002211211010120121101220002211011200101010020100020112110111020110100002011122101210202221120111101202110022210101222111001012202000221021 122102110221010122211100101222000221012201011120111111222000010222222222022201222021110220121100222222222222
220210100122022120021001001201100121212201101111220020200000110200102002220102221001122222211002112120112100022202111001000110002012121001011001010221022100210222101211020100002021101112111200111200110220020 122120100002110111211120011120110220000201111120202101222222222000222222221222222012212000202222222022222222
200120202120210002202220210012000122122111110210110002100102112122011022211202211022212000212202100010001121120220111121110110001102102212121110202011200212022102010001211000020001202221220100012112201102111 022111000200120222122010001212201102122012112122121121222100122222222222022212222222211222220000222222022222
212102002122212221102100011202121012210200121120210200202022012110112102212021120110200210112100112000021201111102220011100010102010022210101221211220101100110112121120101000222021101211200012022111222022112 122001000202110121120001202211222022111211111120111111202222222222222222222222222222212222222222222222222222
021211000200212212100220202111111202110111210101012111101120201102011102220010122100010122220000012120022121110120122212201212020000010020211221011200121020202202011021012202110011000200200221202002110101022 100112202101100020020022120202110101000002212101101101002222222222222222222222122222212222222222022220002222
120200001021011211212100211020000001101000112010102012101211011122202010121122210122100001112022210221200120011101021002210120112111202211020201000210102221200111012010112200011102120110210002210111100120122 211012200110212011021000221011100120111112111112111111102122122222222222210222210222012002222222102222222222
212222211012010001112202012122020020221022020001210210111021200202021100010121012001020122020020020211012001202110012002001001011102201211002020021202102000111222120012110120120020000211222122111210102211200 022210120202000021122212211120102211221011111120121121202222222222222222222222222222212222222222222220222222
212210211101021012201221110001022021122000112011202101010020100100222122111112210100002011101212201121102221222212210121001122020100221220022010212001102022221002002221200202001202120122021122000220120210220 222100202020212012202112200020120210202121112121101101222111122222222222222122222222212222222222022222222222
011000012221001011011000102121200001102022200011220001111100220001111121012020210020111221021121210120002211000012020222002121020112110111012020200020001210120111102110012021111220220122102120200222200102211 200012021122022012210212020022200102210121111101111111001211222222220212122222222220012202220022222222222222
101101210121111111201101121122000120211001120001122000122012212022021122011011201102222220112111121210112210101021220212201110022111202100211011210011201120100122212202201110202000201010101120122010011122220 211201110000020101010112012200011122212211111110212111122111122222222222122212222001111022221100011222212222
120111220010100112110121211200210022122120201022211200101222010110100022120220222012002201100212002002021121110112022222110112012020002111200211111110021112021220200212112110202110120001000100200022200111211 011212110011012000100010020002200111201222112110202101120022022202222222222202222222010222222222122220002222
220002010111221211021211000201021121100111200102211100211201111221101112210021022200201101210012120012210020122120220000222200220222120220210102121201221222211011020120112100022212012202100011111220202222221 022012100221201220210001111120202222211221111120212111222122122222222222222222222222212222222222222222222222
total CPU time = 0.022023

